0.011095 126
1.340719 1
0.190913 1
0.222563 1
0.090695 1
0.076840 1
0.098813 1
0.095064 1
0.109310 1
0.073027 1
0.119439 1
0.179796 1
0.006559 1
0.141285 1
0.055101 1
0.115194 1
0.101773 1
0.020346 1
0.110673 1
0.098509 1
0.213684 1
0.146731 1
0.096038 1
0.100433 1
0.266501 2
0.738694 1
0.114795 1
0.158883 1
0.124047 1
0.225409 2
0.000137 12
0.437452 1
0.101140 1
0.048346 1
0.091521 1
0.087227 1
0.149258 1
0.024923 1
0.255301 1
0.146146 1
0.196956 1
0.100843 2
0.000147 18
0.596665 1
0.135825 1
0.222648 1
0.195663 1
0.134343 1
0.085174 1
0.102144 1
0.086861 1
0.115564 1
0.080141 1
0.098684 1
0.812597 1
0.267670 2
0.000136 20
13.618613 2
0.000155 128
0.838715 6
